4440
4530
4500
4620
4530
4560
4530
4560
4470
4500
4470
4530
4500
4560
4500
4530
4470
4500
4380
4440
4410
4440
4350
4380
4350
4410
4320
4350
4260
4350
4320
4380
4320
4410
4350
4410
4380
4440
4410
4470
4440
4470
4440
4470
4440
4590
4500
4530
4500
4530
4500
4530
4500
4530
4410
4440
4170
4320
4260
4320
4290
4320
4290
4350
4320
4350
4320
4350
4320
4380
4350
4440
4410
4530
4410
4440
4410
4440
4410
4470
4440
4530
4500
4590
4560
4590
4560
4590
4530
4560
4440
4470
4440
4470
4440
4530
4470
4500
4440
4560
4530
4560
4530
4620
4590
4650
4620
4650
4620
4650
4590
4620
4590
4650
4620
4650
4590
4620
4590
4620
4560
4620
4590
4620
4590
4650
4590
4620
4560
4620
4530
4560
4470
4530
4350
4410
4380
4410
4380
4410
4350
4470
4410
4530
4500
4530
4440
4470
4380
4440
4380
4440
4410
4500
4470
4530
4500
4560
4530
4650
4620
4650
4560
4590
4560
4590
4410
4470
4440
4740
4620
4650
4560
4680
4560
4620
4500
4620
4560
4620
4500
4650
4590
4650
4590
4680
4650
4680
4650
4740
4590
4620
4590
4620
4530
4560
4530
4590
4500
4530
4410
4440
4380
4410
4050
4110
4050
4080
3990
4020
3960
3990
3960
3990
3870
3960
3900
3930
3780
3840
3780
3840
3810
3660
3690
3660
3690
3630
3660
3570
3660
3630
3720
3570
3600
3570
3600
3570
3660
3600
3630
3570
3630
3360
3450
3390
3420
3390
3630
3540
3810
3720
3990
3960
4020
3990
4020
3990
4140
4110
4290